tam perm	t_ejec (s)	promedioOB	maximoOB	minimoOB
1000		0.002128	250302.920000	265673		240157
995		0.002031	248422.370000	258086		233468
990		0.002051	245218.870000	258058		233285
985		-0.007963	242237.310000	256274		230634
980		0.001981	240470.920000	251519		228729
975		0.002004	237142.650000	249541		223603
970		0.001938	234213.760000	248771		216024
965		0.001943	233062.070000	244920		221820
960		-0.008073	230327.430000	243322		219362
955		0.001889	227084.700000	240798		212035
950		0.001874	224946.980000	237581		214823
945		0.001904	222467.610000	234345		210350
940		0.001854	220634.920000	229140		208776
935		-0.008170	218410.040000	234452		207551
930		0.001819	216046.940000	224786		204495
925		0.001777	213607.810000	224028		205785
920		0.001753	212073.790000	222038		201620
915		0.001772	208989.180000	221427		198561
910		0.001730	207162.940000	218585		197033
905		-0.008299	204335.600000	215970		195057
900		0.001675	201483.880000	211479		186937
895		0.001679	199761.900000	209070		184383
890		0.001662	198517.730000	206828		188913
885		0.001654	195355.990000	206691		185692
880		0.001600	192667.830000	204370		183824
875		-0.008390	191596.850000	201780		181438
870		0.001600	189322.980000	200477		178967
865		0.001631	186673.660000	199464		176610
860		0.001714	184217.490000	193526		175087
855		0.001697	182456.080000	190874		169421
850		0.001615	179700.780000	187755		168972
845		-0.008460	178260.940000	188822		166658
840		0.001514	175567.700000	184820		165722
835		0.001490	174076.910000	183523		158157
830		0.001436	172396.730000	182961		160777
825		0.001418	170137.920000	180143		160447
820		0.001404	167929.870000	180100		155878
815		-0.008596	166525.170000	177451		153129
810		0.001372	164058.040000	175509		156722
805		0.001394	162071.550000	171313		154561
800		0.001368	159829.400000	168588		151377
795		0.001335	157512.030000	169087		148000
790		0.001325	155667.850000	165534		147476
785		0.001285	154007.810000	162951		145231
780		0.001272	151694.040000	160932		144131
775		-0.008720	150143.590000	159277		142515
770		0.001269	147664.170000	156878		136949
765		0.001228	146217.150000	153286		138729
760		0.001234	144010.560000	155585		136892
755		0.001208	142233.510000	151857		133411
750		0.001184	140017.350000	149459		131862
745		0.001185	139136.900000	148455		128623
740		0.001158	136546.930000	143863		127194
735		-0.008860	135011.540000	145456		125809
730		0.001125	132707.840000	139284		124388
725		0.001146	131249.180000	138934		123863
720		0.001149	129495.220000	139329		122565
715		0.001077	127966.150000	135096		121222
710		0.001067	125694.140000	135394		118055
705		0.001059	125098.950000	132645		117252
700		0.001042	122616.340000	130029		114118
695		0.001026	120137.740000	127310		111598
690		-0.008976	118482.600000	126409		112531
685		0.001001	117589.820000	125128		110513
680		0.000984	115166.280000	122197		108003
675		0.000991	113654.840000	120759		106766
670		0.000964	111774.700000	117884		105565
665		0.000953	110544.790000	117329		103476
660		0.000924	108885.760000	115341		100661
655		0.000925	107151.140000	114945		101069
650		0.000918	105811.590000	114129		95045
645		0.000898	103773.680000	111497		96845
640		0.000878	102225.250000	107883		95598
635		-0.009145	101020.150000	105957		96004
630		0.000853	99259.730000	104540		92409
625		0.000856	97561.580000	103148		92727
620		0.000842	95924.160000	102892		88398
615		0.000815	94650.450000	101425		89490
610		0.000807	93351.730000	99990		87772
605		0.000807	91565.160000	96836		84644
600		0.000797	89896.550000	95227		84435
595		0.000762	88089.490000	94014		83770
590		0.000743	86939.960000	93549		81736
585		0.000736	85492.720000	92885		77585
580		0.000736	83806.900000	89815		77540
575		-0.009292	82459.310000	88099		76393
570		0.000696	81048.280000	86500		75295
565		0.000690	79341.200000	84799		73491
560		0.000683	78243.670000	83037		71535
555		0.000667	77035.450000	81419		71109
550		0.000666	75576.440000	82377		71015
545		0.000640	73934.090000	77900		68973
540		0.000637	72611.710000	76408		66319
535		0.000620	71239.910000	75205		67411
530		0.000636	70091.590000	74866		64674
525		0.000638	68329.210000	72148		62582
520		0.000604	67863.090000	71453		64696
515		0.000589	66231.670000	70982		61968
510		0.000608	64898.250000	69232		55094
505		0.000558	63681.920000	68430		58773
500		-0.009457	62141.120000	67043		55801
495		0.000562	61280.700000	64245		58011
490		0.000557	59857.430000	64429		55609
485		0.000517	58687.890000	63414		53753
480		0.000509	57167.160000	60847		52047
475		0.000495	56370.510000	61592		51244
470		0.000492	55089.500000	58857		50967
465		0.000500	54313.550000	59056		50532
460		0.000470	52840.660000	57128		48581
455		0.000462	51537.520000	54925		47044
450		0.000462	50337.620000	54293		45850
445		0.000450	49336.150000	52116		45728
440		0.000444	48360.070000	51942		43414
435		0.000428	47024.950000	50215		43146
430		0.000413	46297.350000	50094		42350
425		0.000404	45285.220000	48314		42419
420		0.000401	44033.180000	48940		38757
415		0.000390	43038.820000	46938		39870
410		0.000389	42001.510000	45009		38797
405		0.000370	41200.930000	43668		37859
400		0.000367	39914.490000	43315		36000
395		0.000365	38865.230000	41462		36225
390		0.000349	37900.860000	40413		34899
385		0.000337	36975.290000	39555		34354
380		0.000334	35893.750000	38407		33199
375		0.000323	35231.810000	38006		32549
370		0.000308	34153.650000	37348		31748
365		0.000316	33303.910000	36110		30457
360		0.000301	32336.650000	34911		29353
355		0.000294	31316.850000	34435		27287
350		0.000285	30515.310000	32400		27865
345		0.000276	29730.600000	32220		27383
340		0.000264	28652.120000	31357		26654
335		0.000255	28005.300000	30546		25529
330		0.000255	26990.960000	29481		24674
325		0.000247	26171.560000	27877		23778
320		0.000236	25560.740000	27539		23408
315		0.000229	24577.170000	26660		22243
310		0.000225	24126.420000	26356		22223
305		0.000226	23200.220000	25050		21016
300		0.000209	22338.230000	24285		19783
295		0.000204	21615.000000	23638		19241
290		0.000197	20793.750000	23021		18945
285		0.000191	20164.400000	22668		18040
280		0.000186	19475.130000	21364		17751
275		0.000184	18936.850000	20958		16397
270		0.000174	18114.780000	19881		15832
265		0.000165	17333.700000	18973		15685
260		0.000165	16719.350000	18403		15015
255		0.000156	16186.020000	17620		14151
250		0.000149	15637.500000	16928		14167
245		0.000145	14955.750000	16293		13722
240		0.000139	14295.250000	15766		12932
235		0.000134	13781.940000	15319		11511
230		0.000128	13247.250000	14547		12124
225		0.000127	12631.470000	13776		11549
220		0.000118	12063.670000	12963		10953
215		0.000114	11422.990000	12911		10316
210		0.000113	10957.010000	12098		9641
205		0.000105	10417.110000	11763		9163
200		0.000100	9952.400000	10976		8783
195		0.000095	9485.510000	11074		8432
190		0.000094	9015.590000	10113		7959
185		0.000086	8600.550000	9422		7669
180		0.000083	8016.650000	9084		6957
175		0.000079	7661.900000	8828		6362
170		0.000075	7126.030000	8269		6051
165		0.000069	6719.290000	7425		5789
160		0.000066	6303.650000	7362		5497
155		0.000062	5984.350000	6880		5200
150		0.000059	5538.280000	6452		4774
145		0.000056	5228.150000	6094		4054
140		0.000054	4831.450000	5522		4310
135		0.000049	4519.540000	5022		4022
130		0.000046	4206.660000	4990		3596
125		0.000042	3872.470000	4425		3132
120		0.000039	3538.890000	4061		3023
115		0.000036	3245.550000	3810		2737
110		0.000034	2994.800000	3524		2453
105		0.000031	2736.160000	3148		2397
100		0.000028	2461.040000	2890		2008
95		0.000026	2234.440000	2569		1913
90		0.000023	2001.520000	2369		1680
85		0.000021	1794.980000	2062		1459
80		0.000019	1564.670000	1863		1272
75		0.000016	1382.850000	1707		1160
70		0.000014	1220.180000	1488		1015
65		0.000013	1045.880000	1284		839
60		0.000011	890.400000	1076		688
55		0.000009	742.890000	958		605
50		0.000008	606.190000	758		461
45		0.000006	487.640000	618		328
40		0.000005	388.990000	499		298
35		0.000004	298.160000	370		221
30		0.000003	219.910000	285		150
25		0.000002	151.280000	207		110
20		0.000001	95.460000	137		56
15		0.000001	53.330000	76		28
10		0.000000	22.540000	36		9
5		0.000000	4.930000	9		1
