tam perm	t_ejec (s)	promedioOB	maximoOB	minimoOB
512		0.000061	3962.800000	4006		3926
510		0.000060	3944.578000	3981		3907
508		0.000060	3926.693000	3956		3876
506		0.000060	3909.058000	3946		3871
504		0.000059	3889.782000	3936		3844
502		0.000060	3872.713000	3914		3835
498		0.000057	3836.273000	3878		3791
496		0.000057	3818.895000	3855		3771
494		0.000057	3800.630000	3848		3759
492		0.000056	3782.806000	3820		3733
490		0.000056	3764.358000	3799		3724
488		0.000056	3746.583000	3789		3710
486		0.000056	3728.674000	3772		3683
484		0.000056	3711.319000	3749		3664
482		0.000058	3693.452000	3732		3651
480		0.000056	3675.192000	3720		3635
478		0.000057	3656.920000	3692		3616
476		0.000057	3639.092000	3678		3594
474		0.000056	3621.599000	3654		3586
472		0.000055	3603.099000	3646		3555
468		0.000055	3566.489000	3611		3523
466		0.000053	3549.294000	3591		3505
464		0.000053	3531.291000	3567		3495
462		0.000053	3513.201000	3549		3470
460		0.000052	3495.254000	3529		3461
458		0.000052	3477.162000	3515		3435
456		0.000052	3458.722000	3500		3418
454		0.000051	3441.202000	3475		3401
452		0.000051	3423.452000	3461		3382
450		0.000052	3406.043000	3445		3363
448		0.000052	3387.714000	3424		3345
446		0.000052	3369.922000	3406		3328
444		0.000051	3352.096000	3386		3312
442		0.000051	3334.580000	3368		3297
440		0.000051	3316.083000	3350		3275
438		0.000051	3299.006000	3333		3260
434		0.000051	3263.249000	3300		3205
432		0.000051	3245.443000	3281		3210
430		0.000049	3228.094000	3263		3189
428		0.000049	3210.805000	3251		3175
426		0.000048	3192.443000	3235		3150
424		0.000048	3174.029000	3209		3136
422		0.000048	3156.653000	3194		3121
420		0.000047	3138.349000	3168		3102
418		0.000047	3120.454000	3152		3087
416		0.000047	3103.394000	3136		3058
414		0.000048	3085.477000	3117		3043
412		0.000048	3068.331000	3105		3024
410		0.000048	3050.064000	3096		3008
408		0.000047	3032.754000	3073		2994
406		0.000047	3014.514000	3047		2977
404		0.000047	2996.573000	3039		2955
402		0.000046	2979.134000	3019		2937
398		0.000045	2943.607000	2979		2909
396		0.000044	2926.765000	2958		2868
394		0.000044	2908.342000	2949		2875
392		0.000044	2890.456000	2928		2854
390		0.000044	2872.528000	2911		2833
388		0.000043	2855.592000	2890		2820
386		0.000043	2838.038000	2872		2802
384		0.000042	2819.525000	2852		2783
382		0.000043	2802.753000	2837		2765
380		0.000043	2784.984000	2829		2750
378		0.000043	2767.807000	2799		2730
376		0.000043	2750.651000	2783		2714
374		0.000042	2732.756000	2769		2696
372		0.000042	2716.007000	2746		2677
370		0.000042	2698.509000	2728		2662
368		0.000042	2681.035000	2712		2632
366		0.000041	2663.395000	2700		2623
364		0.000040	2647.194000	2680		2606
362		0.000040	2629.237000	2670		2590
360		0.000040	2612.710000	2648		2575
356		0.000040	2577.609000	2611		2538
354		0.000039	2560.558000	2598		2521
352		0.000039	2541.945000	2575		2502
350		0.000040	2525.628000	2560		2491
348		0.000040	2508.748000	2546		2467
346		0.000039	2491.601000	2526		2448
344		0.000039	2473.552000	2504		2440
342		0.000039	2457.139000	2485		2423
340		0.000039	2439.680000	2478		2407
338		0.000038	2422.263000	2456		2386
336		0.000038	2405.400000	2437		2357
334		0.000038	2387.403000	2417		2355
332		0.000038	2371.392000	2407		2336
330		0.000036	2353.528000	2384		2321
328		0.000036	2335.825000	2368		2299
326		0.000036	2319.084000	2348		2288
324		0.000036	2302.278000	2335		2261
322		0.000035	2284.002000	2313		2250
320		0.000035	2267.018000	2301		2235
318		0.000035	2249.935000	2287		2221
316		0.000034	2233.480000	2267		2201
314		0.000035	2216.343000	2246		2181
310		0.000035	2182.610000	2213		2145
308		0.000035	2165.740000	2195		2132
306		0.000034	2148.633000	2181		2115
304		0.000034	2131.601000	2164		2090
302		0.000034	2113.987000	2144		2077
300		0.000034	2097.308000	2128		2065
298		0.000032	2080.624000	2113		2047
296		0.000032	2063.214000	2090		2028
294		0.000032	2046.667000	2080		2012
292		0.000032	2029.713000	2056		1988
290		0.000031	2012.480000	2044		1982
288		0.000031	1995.984000	2029		1965
286		0.000031	1978.279000	2006		1940
284		0.000031	1962.424000	1990		1933
282		0.000031	1945.161000	1981		1911
280		0.000031	1928.260000	1957		1897
278		0.000031	1911.682000	1942		1872
276		0.000031	1894.040000	1924		1859
274		0.000030	1877.780000	1905		1844
272		0.000030	1860.773000	1888		1827
270		0.000030	1843.856000	1876		1809
268		0.000029	1827.158000	1857		1795
266		0.000029	1810.459000	1838		1777
264		0.000029	1793.825000	1820		1759
262		0.000028	1776.689000	1805		1747
260		0.000027	1759.775000	1786		1730
258		0.000027	1742.863000	1769		1712
254		0.000027	1710.601000	1737		1681
252		0.000026	1694.362000	1721		1665
250		0.000026	1678.653000	1704		1651
248		0.000026	1662.474000	1689		1630
246		0.000027	1646.297000	1668		1619
244		0.000027	1630.971000	1660		1600
242		0.000026	1614.276000	1643		1576
240		0.000026	1598.405000	1621		1570
238		0.000026	1582.939000	1605		1557
236		0.000026	1566.371000	1593		1539
234		0.000025	1551.014000	1576		1515
232		0.000025	1535.293000	1570		1500
230		0.000024	1518.646000	1548		1492
228		0.000024	1503.023000	1528		1476
226		0.000024	1486.700000	1514		1456
224		0.000023	1471.099000	1500		1442
222		0.000023	1455.081000	1484		1426
220		0.000023	1439.321000	1465		1412
218		0.000024	1423.197000	1449		1390
216		0.000023	1407.983000	1430		1368
214		0.000023	1392.150000	1425		1363
212		0.000023	1376.864000	1403		1341
210		0.000022	1360.278000	1385		1331
208		0.000022	1344.276000	1373		1318
206		0.000022	1328.336000	1353		1304
204		0.000022	1312.942000	1338		1285
202		0.000022	1297.045000	1322		1265
200		0.000021	1282.381000	1304		1250
198		0.000021	1266.097000	1289		1240
196		0.000021	1250.100000	1277		1225
194		0.000020	1234.411000	1261		1206
192		0.000020	1219.399000	1241		1190
190		0.000019	1203.851000	1227		1169
188		0.000019	1188.450000	1213		1157
186		0.000019	1172.787000	1196		1146
184		0.000019	1157.329000	1184		1131
182		0.000019	1142.481000	1167		1113
178		0.000019	1111.594000	1132		1082
176		0.000018	1096.393000	1118		1071
174		0.000018	1081.257000	1102		1052
172		0.000018	1066.186000	1085		1038
170		0.000018	1050.586000	1071		1025
168		0.000018	1035.568000	1061		1010
166		0.000017	1020.190000	1042		998
164		0.000017	1004.298000	1026		980
162		0.000016	990.034000	1014		962
160		0.000016	974.982000	998		952
158		0.000016	959.563000	980		934
156		0.000016	944.607000	964		920
154		0.000015	929.520000	952		904
152		0.000015	914.913000	936		892
150		0.000015	899.693000	919		879
148		0.000015	884.874000	904		855
146		0.000015	869.711000	892		845
144		0.000015	854.991000	875		829
142		0.000014	840.303000	861		814
140		0.000015	825.154000	842		804
138		0.000014	810.445000	830		789
136		0.000014	795.514000	814		776
134		0.000013	780.560000	800		758
132		0.000013	765.822000	783		743
130		0.000013	750.787000	770		729
128		0.000013	736.291000	757		714
126		0.000012	722.320000	737		701
124		0.000012	707.962000	726		685
122		0.000012	694.270000	710		668
120		0.000012	680.254000	696		647
118		0.000011	666.230000	680		644
116		0.000011	652.552000	673		632
114		0.000011	638.292000	654		614
112		0.000011	624.222000	644		599
110		0.000011	610.346000	629		589
108		0.000011	596.847000	616		577
106		0.000010	583.123000	596		560
104		0.000010	569.473000	586		546
102		0.000010	555.547000	571		538
100		0.000010	541.826000	557		519
98		0.000009	528.338000	543		506
96		0.000009	514.505000	530		492
94		0.000009	501.318000	517		481
92		0.000009	487.693000	504		469
90		0.000008	474.413000	490		455
88		0.000008	461.107000	476		444
86		0.000008	448.003000	463		427
84		0.000008	434.651000	450		415
82		0.000008	421.564000	440		404
80		0.000007	408.476000	422		391
78		0.000007	395.189000	408		376
76		0.000007	382.201000	398		364
74		0.000007	369.513000	383		349
72		0.000007	356.350000	372		340
70		0.000006	343.673000	357		325
68		0.000006	330.895000	344		316
66		0.000006	317.742000	329		304
64		0.000006	304.939000	316		288
62		0.000005	292.947000	305		278
60		0.000005	281.080000	292		264
58		0.000005	268.964000	280		255
56		0.000005	257.107000	269		243
54		0.000005	245.347000	257		230
52		0.000004	233.707000	244		220
50		0.000004	221.729000	233		208
48		0.000004	210.202000	220		196
46		0.000004	198.968000	209		186
44		0.000004	187.589000	197		174
42		0.000004	176.311000	185		163
40		0.000003	165.230000	175		152
38		0.000003	153.951000	163		139
36		0.000003	143.178000	151		132
34		0.000003	132.460000	140		122
32		0.000003	121.566000	128		110
30		0.000002	111.490000	118		98
28		0.000002	101.488000	108		91
26		0.000002	91.742000	98		81
24		0.000002	82.107000	89		73
22		0.000002	72.797000	79		63
20		0.000001	63.594000	69		54
18		0.000001	54.586000	59		47
16		0.000001	45.733000	49		38
14		0.000001	37.760000	41		31
12		0.000001	30.060000	33		24
10		0.000001	22.610000	25		17
8		0.000000	15.735000	17		12
