tam perm	t_ejec (s)	promedioOB	maximoOB	minimoOB
512		0.000046	4950.967000	6436		4286
510		0.000042	4929.987000	7078		4300
508		0.000042	4893.824000	6754		4267
506		0.000042	4864.924000	6204		4244
504		0.000041	4850.946000	6438		4251
502		0.000041	4827.601000	6212		4157
500		0.000041	4812.811000	6022		4093
498		0.000041	4794.514000	6402		4195
496		0.000040	4784.179000	6429		4114
494		0.000040	4715.661000	6366		4043
492		0.000040	4722.006000	5885		4062
488		0.000040	4656.462000	6138		3978
486		0.000040	4647.761000	6349		4034
484		0.000039	4612.467000	5932		3885
482		0.000039	4605.405000	6056		3977
480		0.000039	4582.201000	5845		3980
478		0.000039	4562.700000	6274		3948
476		0.000039	4522.364000	6488		3865
474		0.000038	4486.408000	5809		3901
472		0.000038	4482.466000	5987		3895
470		0.000039	4464.513000	5683		3874
468		0.000038	4434.438000	5874		3812
466		0.000038	4407.420000	5834		3836
464		0.000038	4400.297000	5577		3822
462		0.000038	4377.877000	5658		3788
460		0.000037	4342.241000	5971		3768
458		0.000037	4318.637000	5861		3736
456		0.000037	4289.481000	5446		3643
454		0.000037	4266.493000	5338		3666
452		0.000036	4252.921000	5568		3686
450		0.000036	4227.235000	5516		3623
448		0.000036	4204.724000	5275		3631
444		0.000035	4168.704000	5497		3560
442		0.000035	4145.282000	5298		3552
440		0.000035	4108.254000	5410		3560
438		0.000035	4106.768000	5538		3521
436		0.000035	4062.395000	5230		3528
434		0.000035	4048.027000	5341		3515
432		0.000034	4038.763000	5155		3496
430		0.000034	4006.943000	5397		3491
428		0.000034	3996.864000	5264		3355
426		0.000034	3962.872000	5231		3418
424		0.000034	3944.869000	5192		3325
422		0.000034	3903.474000	5544		3376
420		0.000033	3884.642000	5445		3358
418		0.000034	3871.298000	4951		3334
416		0.000033	3830.005000	5125		3319
414		0.000033	3834.995000	4690		3307
412		0.000033	3794.421000	5054		3298
410		0.000033	3772.585000	5050		3208
408		0.000032	3749.906000	4915		3226
406		0.000032	3726.463000	4973		3247
404		0.000032	3715.218000	4791		3180
402		0.000032	3693.765000	5297		3135
400		0.000032	3668.230000	5102		3165
398		0.000032	3637.066000	4614		3101
394		0.000031	3599.884000	4836		3108
392		0.000031	3593.645000	4592		3072
390		0.000031	3549.184000	4863		3071
388		0.000031	3550.956000	4491		3063
386		0.000030	3519.052000	4829		3020
384		0.000030	3490.513000	4672		2999
382		0.000030	3463.018000	4320		2945
380		0.000030	3443.996000	4584		2982
378		0.000030	3415.330000	4544		2954
376		0.000030	3396.167000	4492		2956
374		0.000030	3393.429000	4467		2890
372		0.000029	3342.690000	4197		2861
370		0.000029	3343.951000	4430		2872
368		0.000029	3317.234000	4314		2834
366		0.000028	3293.605000	4200		2844
364		0.000028	3269.719000	4184		2802
362		0.000028	3258.012000	4101		2799
360		0.000028	3234.916000	4211		2808
358		0.000028	3206.385000	4599		2739
356		0.000028	3189.565000	4106		2735
354		0.000027	3171.213000	4052		2708
352		0.000027	3144.963000	4333		2677
350		0.000027	3113.746000	4223		2707
348		0.000027	3097.609000	4101		2652
346		0.000027	3063.113000	4284		2630
344		0.000026	3056.146000	3927		2610
342		0.000026	3034.054000	4109		2611
340		0.000026	3016.357000	4030		2608
336		0.000026	2981.557000	3917		2582
334		0.000026	2952.870000	4361		2515
332		0.000026	2916.148000	3976		2494
330		0.000025	2912.072000	3806		2513
328		0.000025	2887.754000	4055		2479
326		0.000025	2858.337000	3723		2357
324		0.000025	2837.295000	3693		2390
322		0.000025	2811.244000	3576		2329
320		0.000024	2796.986000	3707		2348
318		0.000024	2772.803000	3658		2328
316		0.000024	2740.546000	3685		2315
314		0.000024	2741.021000	3607		2280
312		0.000024	2702.629000	3754		2325
310		0.000023	2686.392000	3691		2252
308		0.000023	2662.784000	3474		2269
306		0.000023	2643.400000	3520		2267
304		0.000023	2617.539000	3403		2225
302		0.000023	2600.081000	3441		2223
300		0.000023	2579.425000	3693		2229
298		0.000022	2560.453000	3228		2198
296		0.000023	2543.078000	3486		2194
294		0.000022	2520.583000	3377		2155
292		0.000022	2502.949000	3389		2122
290		0.000022	2475.050000	3577		2132
288		0.000022	2460.132000	3205		2080
286		0.000021	2435.351000	3300		2090
284		0.000021	2404.415000	3490		2046
282		0.000021	2387.418000	3124		2048
280		0.000021	2364.625000	3362		1983
278		0.000021	2349.774000	3038		2018
276		0.000020	2333.507000	3024		1969
274		0.000020	2303.824000	3451		1967
272		0.000020	2285.889000	3184		1942
270		0.000020	2267.870000	3416		1941
268		0.000020	2245.922000	3215		1927
264		0.000020	2209.472000	2974		1883
262		0.000019	2185.857000	2995		1825
260		0.000019	2160.627000	2878		1854
258		0.000019	2140.606000	2921		1793
256		0.000019	2117.245000	2806		1785
254		0.000019	2101.461000	3023		1774
252		0.000018	2088.846000	2949		1744
250		0.000018	2057.725000	2701		1715
248		0.000018	2043.856000	2758		1759
246		0.000018	2019.136000	2725		1678
244		0.000018	2005.582000	2846		1668
242		0.000018	1984.932000	2611		1660
240		0.000017	1958.349000	2558		1664
238		0.000017	1946.204000	2606		1633
236		0.000017	1917.687000	2614		1644
234		0.000017	1901.941000	2488		1574
232		0.000017	1876.274000	2434		1579
230		0.000017	1859.636000	2494		1563
228		0.000016	1840.276000	2474		1561
226		0.000016	1820.467000	2420		1537
224		0.000016	1804.586000	2477		1526
222		0.000016	1778.577000	2349		1511
220		0.000016	1758.360000	2426		1473
218		0.000016	1734.644000	2865		1473
216		0.000015	1729.062000	2279		1434
214		0.000015	1706.337000	2339		1414
212		0.000015	1685.995000	2332		1437
210		0.000015	1654.547000	2258		1421
208		0.000015	1648.053000	2189		1399
206		0.000015	1627.029000	2137		1328
204		0.000014	1605.127000	2318		1340
202		0.000014	1593.868000	2163		1348
200		0.000014	1558.033000	2166		1314
198		0.000014	1545.945000	2123		1287
196		0.000014	1522.193000	2072		1266
194		0.000014	1504.524000	2107		1266
192		0.000013	1482.849000	2103		1253
190		0.000013	1470.444000	1972		1213
188		0.000013	1445.485000	1964		1191
186		0.000013	1429.289000	1998		1199
184		0.000013	1407.773000	1872		1192
182		0.000013	1386.423000	2044		1148
180		0.000012	1367.793000	1830		1157
178		0.000012	1349.249000	1800		1146
176		0.000012	1328.778000	1934		1132
174		0.000012	1306.837000	1799		1106
172		0.000012	1293.861000	1741		1098
170		0.000012	1275.490000	1797		1048
168		0.000011	1254.617000	1715		1054
166		0.000011	1242.176000	1758		1024
164		0.000011	1220.554000	1652		1012
162		0.000011	1202.146000	1587		1019
158		0.000011	1163.417000	1588		946
156		0.000010	1136.019000	1509		954
154		0.000010	1124.677000	1546		940
152		0.000010	1108.022000	1481		924
150		0.000010	1086.564000	1431		904
148		0.000010	1070.622000	1456		889
146		0.000010	1050.434000	1454		889
144		0.000010	1029.204000	1505		868
142		0.000009	1010.042000	1332		833
140		0.000009	999.357000	1394		825
138		0.000009	977.468000	1483		829
136		0.000009	954.016000	1323		795
134		0.000009	940.523000	1300		784
132		0.000009	921.944000	1376		775
130		0.000008	905.707000	1322		758
128		0.000008	885.839000	1171		743
126		0.000008	871.795000	1325		727
124		0.000008	853.217000	1150		708
122		0.000008	837.767000	1186		680
120		0.000008	819.899000	1215		665
118		0.000008	803.753000	1170		664
116		0.000007	783.983000	1136		649
114		0.000007	770.741000	1124		639
112		0.000007	751.359000	1022		625
110		0.000007	730.405000	1076		593
108		0.000007	716.233000	979		580
106		0.000007	697.822000	1039		570
104		0.000006	680.572000	1027		560
102		0.000006	661.356000	924		531
100		0.000006	645.724000	907		525
98		0.000006	630.771000	936		518
96		0.000006	615.310000	908		504
94		0.000006	598.729000	851		480
92		0.000006	582.888000	841		479
90		0.000005	565.964000	794		464
88		0.000005	549.584000	807		456
86		0.000005	533.109000	788		431
84		0.000005	514.020000	716		423
82		0.000005	504.095000	714		404
80		0.000005	486.102000	704		399
78		0.000005	468.999000	685		383
76		0.000004	449.927000	614		360
74		0.000004	437.766000	651		359
72		0.000004	421.043000	597		342
70		0.000004	404.692000	599		330
68		0.000004	390.133000	557		315
66		0.000004	375.894000	568		303
64		0.000004	359.638000	505		294
62		0.000004	346.139000	493		279
60		0.000003	330.768000	502		270
58		0.000003	315.243000	453		254
56		0.000003	301.365000	496		244
54		0.000003	286.554000	438		229
52		0.000003	272.715000	412		221
50		0.000003	257.290000	365		207
48		0.000003	244.647000	348		194
46		0.000002	231.680000	348		182
44		0.000002	217.776000	359		172
42		0.000002	205.414000	323		163
40		0.000002	190.400000	307		150
38		0.000002	176.817000	286		142
36		0.000002	164.306000	266		130
34		0.000002	151.795000	241		121
32		0.000002	139.988000	234		109
30		0.000001	128.074000	206		102
28		0.000001	115.848000	190		89
26		0.000001	103.627000	166		81
24		0.000001	92.862000	144		73
22		0.000001	82.357000	132		63
20		0.000001	71.032000	112		55
18		0.000001	61.063000	104		47
16		0.000001	50.791000	81		40
14		0.000001	41.396000	68		31
12		0.000000	32.680000	57		25
10		0.000000	24.616000	41		19
8		0.000000	16.926000	28		13
