tam perm	t_ejec (s)	promedioOB	maximoOB	minimoOB
512		0.000042	4948.983000	6474		4285
510		0.000041	4923.272000	7008		4290
508		0.000041	4898.525000	6482		4221
504		0.000041	4844.171000	6318		4084
502		0.000040	4810.034000	5994		4197
500		0.000040	4810.698000	6215		4091
498		0.000040	4767.619000	6391		4125
496		0.000040	4760.521000	6680		4066
494		0.000040	4733.841000	6196		4070
492		0.000039	4718.276000	6088		4026
490		0.000039	4693.669000	5913		4039
488		0.000039	4659.707000	5906		4025
486		0.000039	4643.332000	6120		4052
484		0.000039	4619.370000	5699		3999
482		0.000038	4597.450000	6299		3921
480		0.000038	4583.744000	5865		3966
478		0.000038	4550.258000	5878		3955
476		0.000038	4551.127000	5784		3924
474		0.000038	4515.239000	5801		3842
472		0.000038	4483.823000	6126		3879
470		0.000039	4457.082000	6152		3922
468		0.000037	4428.848000	5532		3769
466		0.000037	4408.337000	5636		3834
464		0.000037	4393.011000	5839		3713
460		0.000037	4356.742000	5806		3686
458		0.000036	4320.282000	5526		3714
456		0.000036	4301.280000	5585		3693
454		0.000036	4264.472000	5555		3731
452		0.000036	4247.744000	5911		3622
450		0.000035	4228.074000	5890		3661
448		0.000035	4209.111000	5581		3660
446		0.000035	4184.752000	5211		3553
444		0.000035	4162.572000	5401		3623
442		0.000035	4141.845000	5722		3549
440		0.000035	4107.931000	5219		3528
438		0.000035	4095.903000	5216		3575
436		0.000034	4071.975000	5353		3453
434		0.000034	4047.518000	5317		3466
432		0.000034	4015.378000	5275		3480
430		0.000034	3997.319000	5466		3418
428		0.000034	3980.125000	5010		3431
426		0.000033	3956.780000	5352		3384
424		0.000033	3935.749000	5219		3403
422		0.000033	3910.511000	5082		3356
420		0.000033	3890.897000	4891		3318
418		0.000033	3852.807000	5241		3235
416		0.000033	3854.995000	4926		3323
412		0.000032	3806.384000	4735		3260
410		0.000032	3783.011000	5683		3228
408		0.000032	3761.382000	4760		3245
406		0.000031	3747.763000	5022		3176
404		0.000032	3705.034000	4951		3200
402		0.000031	3695.167000	5062		3187
400		0.000031	3662.916000	4695		3102
398		0.000031	3654.692000	4724		3176
396		0.000031	3622.296000	4847		3123
394		0.000031	3603.101000	4742		3086
392		0.000030	3595.106000	4710		3059
390		0.000030	3575.315000	4609		2996
388		0.000030	3532.915000	4906		3028
386		0.000030	3516.766000	4734		3039
384		0.000030	3493.491000	4830		2976
382		0.000029	3476.629000	4548		2990
380		0.000029	3440.851000	4446		2970
378		0.000029	3424.751000	4427		2969
376		0.000029	3411.226000	4373		2923
374		0.000029	3375.214000	4318		2877
372		0.000028	3348.404000	4416		2857
370		0.000029	3335.528000	4351		2886
368		0.000028	3314.866000	4243		2915
366		0.000028	3298.342000	4210		2835
364		0.000028	3275.036000	4246		2843
362		0.000028	3250.365000	4483		2831
360		0.000028	3236.721000	4180		2743
358		0.000028	3216.906000	4592		2788
356		0.000027	3177.604000	4247		2694
354		0.000027	3177.408000	4362		2735
352		0.000027	3130.727000	4020		2640
350		0.000027	3112.188000	4161		2610
348		0.000026	3085.737000	4030		2642
346		0.000026	3074.611000	4310		2637
344		0.000026	3056.073000	3962		2628
342		0.000026	3021.592000	3801		2560
340		0.000026	3017.145000	4046		2606
338		0.000026	2987.622000	3983		2573
336		0.000025	2964.504000	4034		2539
334		0.000025	2939.200000	3940		2540
332		0.000025	2922.844000	3986		2474
330		0.000025	2912.650000	4008		2465
328		0.000025	2873.855000	3652		2445
326		0.000025	2848.250000	3730		2396
324		0.000024	2832.076000	4104		2409
322		0.000024	2815.237000	3757		2399
320		0.000024	2787.572000	3707		2388
318		0.000024	2763.706000	3631		2323
316		0.000024	2750.108000	3565		2314
314		0.000023	2726.505000	3621		2325
312		0.000023	2701.713000	3823		2330
310		0.000023	2688.874000	3810		2308
308		0.000023	2664.123000	3518		2250
306		0.000023	2643.532000	3517		2187
304		0.000023	2626.896000	3612		2236
302		0.000022	2607.523000	3432		2243
300		0.000022	2577.997000	3438		2212
298		0.000022	2562.063000	3816		2200
296		0.000022	2547.078000	3830		2110
294		0.000022	2504.028000	3965		2109
290		0.000022	2466.813000	3174		2096
288		0.000021	2451.316000	3345		2081
286		0.000021	2427.563000	3537		2014
284		0.000021	2420.315000	3294		2054
282		0.000021	2397.041000	3157		2052
280		0.000020	2373.007000	3390		2009
278		0.000020	2352.194000	3054		1960
276		0.000020	2324.260000	3026		1967
274		0.000020	2314.571000	3218		1970
272		0.000020	2281.805000	2951		1972
270		0.000020	2264.552000	3234		1910
268		0.000019	2242.131000	3037		1904
266		0.000019	2230.173000	2965		1893
264		0.000019	2210.470000	3062		1905
262		0.000019	2190.993000	3013		1853
260		0.000019	2165.052000	2897		1824
258		0.000019	2146.756000	3229		1838
256		0.000018	2124.879000	2779		1813
254		0.000018	2101.062000	2873		1779
252		0.000018	2085.925000	2703		1762
250		0.000018	2057.740000	2773		1721
248		0.000018	2047.390000	2818		1722
246		0.000018	2023.714000	2798		1754
244		0.000017	2004.685000	2685		1686
242		0.000017	1974.996000	2737		1673
240		0.000017	1954.456000	2596		1681
238		0.000017	1936.386000	2590		1639
236		0.000017	1921.192000	2565		1614
234		0.000017	1898.741000	2513		1573
232		0.000017	1868.950000	2716		1588
230		0.000016	1860.510000	2597		1574
228		0.000016	1834.602000	2517		1540
226		0.000016	1827.966000	2532		1528
224		0.000016	1798.873000	2348		1505
222		0.000016	1777.347000	2537		1487
220		0.000015	1760.923000	2348		1462
218		0.000015	1744.306000	2438		1485
216		0.000015	1722.734000	2440		1449
214		0.000015	1704.192000	2351		1461
212		0.000015	1677.501000	2239		1429
210		0.000015	1667.289000	2400		1409
208		0.000014	1644.341000	2193		1387
206		0.000014	1619.361000	2205		1372
204		0.000014	1607.239000	2234		1343
202		0.000014	1584.988000	2208		1298
200		0.000014	1562.034000	2053		1319
198		0.000014	1542.225000	2173		1293
196		0.000014	1523.725000	2033		1290
194		0.000013	1501.267000	2126		1272
192		0.000013	1485.276000	2026		1242
190		0.000013	1463.217000	1957		1237
188		0.000013	1448.892000	1878		1223
186		0.000013	1427.791000	1891		1214
184		0.000013	1409.004000	1915		1172
182		0.000012	1388.575000	2012		1169
180		0.000012	1368.170000	1952		1151
178		0.000012	1351.933000	2014		1126
176		0.000012	1332.369000	1846		1095
174		0.000012	1312.665000	1761		1097
172		0.000012	1291.590000	1810		1101
170		0.000011	1275.420000	1874		1067
168		0.000011	1254.049000	1704		1056
166		0.000011	1236.416000	1699		1039
164		0.000011	1220.528000	1661		1020
162		0.000011	1205.378000	1636		1009
160		0.000011	1181.894000	1685		1004
158		0.000010	1161.910000	1629		986
156		0.000010	1142.182000	1664		966
154		0.000010	1125.091000	1545		935
152		0.000010	1110.778000	1625		927
150		0.000010	1085.264000	1493		905
148		0.000010	1064.931000	1419		899
146		0.000010	1053.451000	1500		888
144		0.000009	1034.208000	1613		854
142		0.000009	1013.016000	1393		855
140		0.000009	997.707000	1482		808
138		0.000009	978.263000	1440		818
136		0.000009	964.858000	1309		807
134		0.000009	944.881000	1339		776
132		0.000008	925.752000	1285		744
130		0.000008	905.459000	1214		756
128		0.000008	892.735000	1183		726
126		0.000008	873.112000	1244		730
124		0.000008	854.530000	1237		707
122		0.000008	840.271000	1171		692
120		0.000008	825.373000	1195		673
118		0.000007	801.123000	1177		658
116		0.000007	785.259000	1097		650
114		0.000007	765.801000	1034		631
112		0.000007	747.937000	1030		614
110		0.000007	732.333000	1069		608
108		0.000007	715.722000	1031		597
106		0.000007	702.479000	964		573
104		0.000006	681.363000	961		565
102		0.000006	664.447000	936		547
100		0.000006	649.921000	892		523
98		0.000006	631.393000	885		512
96		0.000006	615.508000	838		495
94		0.000006	595.776000	804		494
92		0.000005	579.242000	830		482
90		0.000005	563.647000	803		458
88		0.000005	550.116000	809		454
86		0.000005	532.076000	731		445
84		0.000005	517.274000	755		422
82		0.000005	502.373000	715		411
80		0.000005	483.384000	710		397
78		0.000004	470.842000	683		385
76		0.000004	453.613000	643		365
74		0.000004	436.640000	627		349
72		0.000004	420.246000	590		343
70		0.000004	407.277000	568		325
68		0.000004	391.393000	582		318
66		0.000004	375.413000	574		304
64		0.000004	359.936000	565		287
62		0.000003	346.313000	491		277
60		0.000003	330.443000	498		270
58		0.000003	315.659000	491		252
56		0.000003	302.161000	459		241
54		0.000003	288.499000	430		230
52		0.000003	272.433000	430		222
50		0.000003	258.894000	433		207
48		0.000002	245.003000	424		195
46		0.000002	231.070000	360		185
44		0.000002	217.531000	337		172
42		0.000002	204.060000	303		165
40		0.000002	190.875000	293		151
38		0.000002	178.107000	254		140
36		0.000002	163.867000	257		129
34		0.000002	153.084000	263		121
32		0.000002	138.965000	207		111
30		0.000001	127.882000	216		98
28		0.000001	115.791000	183		91
26		0.000001	104.242000	173		82
24		0.000001	93.369000	165		72
22		0.000001	81.473000	138		63
20		0.000001	70.592000	119		55
18		0.000001	60.632000	102		46
16		0.000001	50.848000	83		39
14		0.000001	41.357000	69		31
12		0.000000	32.842000	57		25
10		0.000000	24.461000	41		19
8		0.000000	16.880000	28		13
